   6371000.0000000000        3200.0000476837158     
   6368409.9024421005        3200.0000476837158     
   6363499.9995496999        3200.0000476837158     
   6358590.0972944004        3200.0000476837158     
   6355999.9997365000        3200.0000476837158     
   6355999.9997365000        3900.0000953674316     
   6354376.8887360003        3900.0000953674316     
   6351300.0486893998        3900.0000953674316     
   6348223.2080057003        3900.0000953674316     
   6346600.0976422997        3900.0000953674316     
   6346600.0976422997        4491.0071559516055     
   6341799.7746756999        4489.2379457642965     
   6332700.0728273001        4485.8841536707905     
   6323600.3709789002        4482.5303615772864     
   6318800.0486494005        4480.7611516247880     
   6318800.0486494005        4480.7611516247880     
   6313999.7263198998        4478.9919416722896     
   6304900.0238343999        4475.6381493439740     
   6295800.3219860001        4472.2843572504689     
   6290999.9996565003        4470.5151472979696     
   6290999.9996565003        4470.5151472979696     
   6278912.8779320009        4466.0603097716184     
   6255999.9994664006        4457.6155242261575     
   6233087.1210008003        4449.1707386806956     
   6220999.9999134000        4444.7159013891542     
   6220999.9999134000        4444.7159013891542     
   6208912.8781888997        4440.2610638628021     
   6185999.9997233003        4431.8162783173402     
   6163087.1212577010        4423.3714927718793     
   6150999.9995332006        4418.9166552455263     
   6150999.9995332006        4643.9001161935639     
   6135459.4148228997        4654.7785257531777     
   6105999.9993798006        4675.4001170607689     
   6076540.5845738007        4696.0217079223930     
   6060999.9998634998        4706.9001174820069     
   6060999.9998634998        4706.9001174820069     
   6045459.4151532007        4717.7785270416180     
   6015999.9997100998        4738.4001183492119     
   5986540.5842669997        4759.0217096568040     
   5970999.9995567007        4769.9001192164169     
   5970999.9995567007        4932.4876582357501     
   5953732.6833535004        4982.8601947743218     
   5920999.9997402001        5078.3485892597892     
   5888267.3161269007        5173.8369837452537     
   5870999.9999237005        5224.2095202838254     
   5870999.9999237005        5224.2095202838254     
   5853732.6830834001        5274.5820586809596     
   5820999.9994700998        5370.0704531664232     
   5788267.3158568004        5465.5588476518915     
   5770999.9996536002        5515.9313841904623     
   5770999.9996536002        5516.0172094213631     
   5758912.8779290998        5525.3750059890581     
   5735999.9994635005        5543.1140558926236     
   5713087.1209979001        5560.8531057961909     
   5700999.9999104999        5570.2109018706451     
   5700999.9999104999        5945.1266381302921     
   5683560.0098572001        5996.1170898829578     
   5650499.9995543007        6092.7987268948364     
   5617439.9892514003        6189.5083461088270     
   5599999.9998352006        6240.5361056012725     
   5599999.9998352006        6240.3931714947785     
   5573833.3739433996        6259.1531608273754     
   5524230.7690745005        6294.0803304669735     
   5474628.1635685004        6328.1981066510507     
   5448461.5383138005        6345.8789036856369     
   5448461.5383138005        6345.8789036856369     
   5422294.9124220004        6363.3456282239376     
   5372692.3075531004        6395.8825281342988     
   5323089.7020471003        6427.6902948310080     
   5296923.0767924003        6444.1848407964808     
   5296923.0767924003        6444.1848407964808     
   5270756.4509006003        6460.4876492955427     
   5221153.8460317003        6490.8794786557191     
   5171551.2405257002        6520.6224350472685     
   5145384.6152710002        6536.0600786955356     
   5145384.6152710002        6536.0600786955356     
   5119217.9893792002        6551.3283199104135     
   5069615.3845103001        6579.8202778994637     
   5020012.7790043000        6607.7436231680622     
   4993846.1537496001        6622.2537132510306     
   4993846.1537496001        6622.2537132510306     
   4980490.2715849001        6629.6029724027849     
   4955172.2756351000        6643.4312208879028     
   4929854.2790481998        6657.1271229698723     
   4916498.3968834998        6664.2999197839545     
   4916498.3968834998        6664.2999197839545     
   4902614.4129723003        6671.7188728202173     
   4876295.3220424000        6685.6797911160684     
   4849976.2317495998        6699.5094506515197     
   4836092.2472013002        6706.7533927943241     
   4836092.2472013002        6706.7533927943241     
   4810059.7767307004        6720.2422817305496     
   4760711.4817945994        6745.4896009992917     
   4711363.1868585004        6770.3360561610107     
   4685330.7163879005        6783.2904596273447     
   4685330.7163879005        6783.2904596273447     
   4659298.2459172998        6796.1443061237414     
   4609949.9509812007        6820.2481728158282     
   4560601.6560451007        6844.0302075191357     
   4534569.1855744999        6856.4549447020809     
   4534569.1855744999        6856.4549447020809     
   4508536.7144668000        6868.8011185005807     
   4459188.4201678000        6892.0029794234460     
   4409840.1252317000        6914.9620407769953     
   4383807.6541240001        6926.9844814107846     
   4383807.6541240001        6926.9844814107846     
   4357775.1836534003        6938.9503513483196     
   4308426.8887173003        6961.4916542107785     
   4259078.5944183003        6983.8691890333166     
   4233046.1233106004        6995.6167022586851     
   4233046.1233106004        6995.6167022586851     
   4207013.6528400006        7007.3296380790671     
   4157665.3579039001        7029.4518296918523     
   4108317.0629678001        7051.4892856709066     
   4082284.5924971998        7063.0892406476132     
   4082284.5924971998        7063.0892406476132     
   4056252.1220266004        7074.6766117915558     
   4006903.8270905004        7096.6211392633149     
   3957555.5321543999        7118.5599632195854     
   3931523.0616838001        7130.1397296762971     
   3931523.0616838001        7130.1397296762971     
   3905490.5912132002        7141.7289055845158     
   3856142.2962771002        7163.7372160239020     
   3806794.0013410002        7185.8188550660398     
   3780761.5308703999        7197.5058024434693     
   3780761.5308703999        7197.5058024434693     
   3754729.0597627005        7209.2241528438763     
   3705380.7654637001        7231.5376930723414     
   3656032.4705276000        7254.0035943089988     
   3629999.9994199006        7265.9250923402569     
   3629999.9994199006        7265.9708871457415     
   3604099.0251151002        7265.7775733345552     
   3554999.9993765997        7265.3724095212037     
   3505900.9742752002        7264.9142993139167     
   3479999.9999704002        7264.6503903048542     
   3479999.9999704002        8064.7883165525227     
   3450001.3577405997        8115.9111884462800     
   3393134.6151236999        8210.7298316718388     
   3336267.8718697000        8302.8580462185528     
   3306269.2302770005        8350.3936774051290     
   3306269.2302770005        8350.3936774051290     
   3276270.5886843004        8397.2052265382208     
   3219403.8460674002        8483.9862723957158     
   3162537.1028133999        8568.2538205708643     
   3132538.4612207003        8611.7140382033485     
   3132538.4612207003        8611.7140382033485     
   3099539.9552775999        8658.7411590278225     
   3036986.5383353001        8745.6870629128316     
   2974433.1207559002        8829.8164252556144     
   2941434.6148128002        8873.0881561940605     
   2941434.6148128002        8873.0881561940605     
   2924247.8930338002        8895.3273551021157     
   2891667.9885489000        8936.9315083213824     
   2859088.0834269002        8977.8202033960115     
   2841901.3616479002        8999.1054570391534     
   2841901.3616479002        8999.1054570391534     
   2826356.9269423001        9018.1892579875203     
   2796890.2128816000        9053.9329603592942     
   2767423.4988209005        9089.1173199248460     
   2751879.0641152998        9107.4553304913188     
   2751879.0641152998        9107.4553304913188     
   2718847.1397288004        9145.9196241397749     
   2656230.3727480001        9216.9880323287089     
   2593613.6051301002        9285.7043437891534     
   2560581.6807436002        9321.0325075513956     
   2560581.6807436002        9321.0325075513956     
   2527549.7563570999        9355.7389897031226     
   2464932.9893763000        9419.8643348336282     
   2402316.2223955002        9481.8737940285118     
   2369284.2980090003        9513.7590949451587     
   2369284.2980090003        9513.7590949451587     
   2336252.3736224999        9545.0884478592634     
   2273635.6066417000        9602.9923679447456     
   2211018.8396609002        9659.0166135741329     
   2177986.9146373002        9687.8397344423120     
   2177986.9146373002        9687.8397344423120     
   2144954.9902508003        9716.1726403554221     
   2082338.2232700000        9768.5767733678367     
   2019721.4562892001        9819.3374434044745     
   1986689.5319027000        9845.4790653595373     
   1986689.5319027000        9845.4790653595373     
   1953657.6075162000        9871.1962065282314     
   1891040.8405354002        9918.8221904761685     
   1828424.0735546001        9965.0409229278612     
   1795392.1485310001        9988.8817292328276     
   1795392.1485310001        9988.8817292328276     
   1762360.2241445000        10012.363787896267     
   1699743.4571637001        10055.933260756494     
   1637126.6901829001        10098.331693600790     
   1604094.7657964001        10120.252365583206     
   1604094.7657964001        10120.252365583206     
   1571062.8414099000        10141.880023995436     
   1508446.0744290999        10182.114623771731     
   1445829.3074483001        10221.414395011634     
   1412797.3824247001        10241.795615771698     
   1412797.3824247001        10241.795615771698     
   1379765.4580381999        10261.949556174410     
   1317148.6910574001        10299.570920848349     
   1254531.9240766000        10336.493668466213     
   1221499.9996901001        10355.716119464925     
   1221499.9996901001        3504.3112606227596     
   1208823.0781809001        3507.6870751765300     
   1184792.1497398000        3513.9897609904192     
   1160761.2212987000        3520.1658939732483     
   1148084.2997895000        3523.3729714122383     
   1148084.2997895000        3523.3729714122383     
   1135407.3789174000        3526.5448312053545     
   1111376.4498391999        3532.4608918882182     
   1087345.5213981001        3538.2503995815000     
   1074668.5998889001        3541.2535224183580     
   1074668.5998889001        3541.2535224183580     
   1061991.6790167999        3544.2214276195923     
   1037960.7505757000        3549.7508628577411     
   1013929.8214975001        3555.1537454063923     
   1001252.9006254000        3557.9529135013267     
   1001252.9006254000        3557.9529135013267     
   988575.97911620012        3560.7168642504707     
   964545.05067509995        3565.8596741990723     
   940514.12159690005        3570.8759314479253     
   927837.20072480000        3573.4711449509778     
   927837.20072480000        3573.4711449509778     
   912432.14438620000        3576.5774596492947     
   883229.64334069996        3582.3231915529809     
   854027.14229519991        3587.8820399989118     
   838622.08659369999        3590.7391766323681     
   52122.615692899999        3667.5022672360724     
   43122.439058099997        3667.5961950549499     
   26061.307527900000        3667.7255290453345     
   9000.1766348000001        3667.7910739414983     
   0.0000000000000000        3667.7999496459961     
   109119.99375350002        3666.4952533367496     
   99278.076139000012        3666.7199901335880     
   80621.304723200010        3667.0877521976204     
   61964.533307400008        3667.3792354803554     
   52122.615692899999        3667.5022672360724     
   170293.19980420001        3664.6223777858318     
   159730.22833720001        3665.0043498897990     
   139706.59646030000        3665.6613248696603     
   119682.96458340001        3666.2304347370191     
   109119.99375350002        3666.4952533367496     
   235064.76831630000        3661.7454835413387     
   223880.45679199998        3662.3079166521989     
   202678.98374170001        3663.2988543793222     
   181477.51132850000        3664.1912860464522     
   170293.19980420001        3664.6223777858318     
   302955.11589380004        3657.7432066830006     
   291232.27457020001        3658.5064395897739     
   269009.94178650004        3659.8706025309953     
   246787.60963990001        3661.1265448075901     
   235064.76831630000        3661.7454835413387     
   373563.67100849998        3652.5091556248599     
   361371.46792130003        3653.4909758396557     
   338259.39313260000        3655.2627512143877     
   315147.31834390003        3656.9174665586111     
   302955.11589380004        3657.7432066830006     
   446553.89323059999        3645.9500961641220     
   433950.44018209999        3647.1660632359772     
   410058.78180099995        3649.3755645142655     
   386167.12341990002        3651.4599755723088     
   373563.67100849998        3652.5091556248599     
   521641.38239430002        3637.9842610919104     
   508675.78832670004        3639.4480017183978     
   484097.63813100004        3642.1216243371737     
   459519.48729820008        3644.6628649547933     
   446553.89323059999        3645.9500961641220     
   598584.43104190007        3628.5398314661375     
   585298.43110200006        3630.2633015482720     
   560112.90671809996        3633.4242196550140     
   534927.38233419997        3636.4461320134728     
   521641.38239430002        3637.9842610919104     
   677176.48434530001        3617.5536012067682     
   663605.74593950005        3619.5473135306975     
   637880.45769359998        3623.2159154363262     
   612155.16944770003        3626.7394895403263     
   598584.43104190007        3628.5398314661375     
   757240.10103510006        3604.9698167296488     
   743415.26293950004        3607.2430384016939     
   717208.29269020003        3611.4373035805324     
   691001.32244090002        3615.4810590919951     
   677176.48434530001        3617.5536012067682     
   838622.08659369999        3590.7391766323681     
   824569.60183740000        3593.3000977288507     
   797931.09381440002        3598.0359217683163     
   771292.58579140005        3602.6162385873427     
   757240.10103510006        3604.9698167296488     
   0.0000000000000000        3667.7999496459961     
